ID: 66389, ZonePolygon: POLYGON ((2.358056950431071 48.92757500902643, 2.35634033666154 48.927462225228865, 2.3567694901039227 48.922217497310236, 2.36307804570695 48.922076502398006, 2.362605976920329 48.92729304905485, 2.3613185165931805 48.92763140082969, 2.358056950431071 48.92757500902643))
ID: 66390, ZonePolygon: POLYGON ((2.4978297760072765 49.029493113654354, 2.4878734161439953 49.009904986212256, 2.5201457550111828 48.98129698182643, 2.6183360626283703 48.99233666240637, 2.6145595123354015 49.00787818819821, 2.5757640411439953 49.03399504168221, 2.4978297760072765 49.029493113654354))