ID: 66744, ZonePolygon: POLYGON ((-3.679980904905782 40.42615830397371, -3.6801096509384967 40.42358557286129, -3.6787149022507526 40.423512064812144, -3.67578593000649 40.42479436036982, -3.6757000993180133 40.4259377880199, -3.679980904905782 40.42615830397371))
ID: 66745, ZonePolygon: POLYGON ((-3.602609115684048 40.502308822748574, -3.6016649781108057 40.479723705304465, -3.58158059700729 40.480245990393534, -3.58982034310104 40.44994673888193, -3.534717041099087 40.446680917582015, -3.514718490684048 40.46353085218227, -3.5520548401713525 40.498001265648355, -3.552741485679165 40.5419775496123, -3.5819239197611963 40.54093393651583, -3.5834688721537744 40.50126459188068, -3.602609115684048 40.502308822748574))