ID: 69300, ZonePolygon: POLYGON ((9.937852515183039 53.62914878684332, 9.965661658249445 53.601247244977515, 10.039819373093195 53.62609477240803, 9.995530737839289 53.66903426611171, 9.945405615768976 53.66191462601009, 9.937852515183039 53.62914878684332))
ID: 69297, ZonePolygon: POLYGON ((10.01682987180834 53.55780446787806, 10.02210845914965 53.558021151087736, 10.023159885083487 53.55437562701908, 10.017301940594962 53.55418441953509, 10.01682987180834 53.55780446787806))