ID: 75364, ZonePolygon: POLYGON ((100.54036835915643 13.74441566891776, 100.54189051277238 13.744105625567558, 100.54133261329729 13.742521532130453, 100.5400558818062 13.74265701422486, 100.54036835915643 13.74441566891776))
ID: 75362, ZonePolygon: POLYGON ((99.96636660501396 12.542483168942113, 99.95709689065849 12.536115630804897, 99.94662554666435 12.529915508262132, 99.9603584568206 12.511817000672732, 99.98215945169365 12.512822506617258, 99.98610766336357 12.513660425246195, 99.97872622415458 12.522877350625366, 99.96928484842216 12.542985862617426, 99.96636660501396 12.542483168942113))