ID: 78308, ZonePolygon: POLYGON ((7.245629955755382 43.69006436861552, 7.242969204412608 43.69484303307672, 7.2509514584409285 43.70874243736636, 7.270263363348155 43.71215474477776, 7.2906052365171 43.70595040498229, 7.288459469305186 43.693477739227504, 7.285026241766124 43.692236536027934, 7.279533077703624 43.69291920096668, 7.266229320989757 43.694036272286404, 7.251809765325694 43.69229859679801, 7.245629955755382 43.69006436861552))
ID: 78309, ZonePolygon: POLYGON ((7.00695053190636 43.54843376595571, 7.0064355477755 43.55194849546554, 7.017851029342883 43.55527641324259, 7.026090775436633 43.55536971669996, 7.0301248177950315 43.55124867628614, 7.026262436813586 43.54868260310512, 7.019395981735461 43.549460212575795, 7.016906891769641 43.548869230293015, 7.016520653671496 43.55079767739803, 7.012400780624621 43.55026891578314, 7.012701188034289 43.548527080007126, 7.0119716271822385 43.5468785104973, 7.00695053190636 43.54843376595571))