ID: 83584, ZonePolygon: POLYGON ((-42.03997316562455 -22.97189897479852, -42.02435198032182 -22.990547352875872, -42.00873079501908 -22.994972013821876, -41.98864641391557 -22.948505846133905, -42.02984514438432 -22.943289259090083, -42.05319109164994 -22.966209126758365, -42.03997316562455 -22.97189897479852))
ID: 83585, ZonePolygon: POLYGON ((-43.15548769083252 -22.963863149857563, -43.16552988138428 -22.954695509763262, -43.19702974405518 -22.95975359493787, -43.20990434732666 -22.97287212165716, -43.22041860666504 -22.989189475730885, -43.17926279154053 -22.98946602406831, -43.15548769083252 -22.963863149857563))