ID: 83635, ZonePolygon: POLYGON ((10.599723168840102 45.49780404141694, 10.606932946672133 45.50394021788006, 10.611825295915297 45.493893384014136, 10.606847115983657 45.49106550871021, 10.599294015397719 45.49654062795281, 10.599723168840102 45.49780404141694))
ID: 83633, ZonePolygon: POLYGON ((10.531441820068336 45.48422706217157, 10.522515428466773 45.461114594844815, 10.557191026611305 45.45160202522261, 10.563370836181617 45.46544890445852, 10.531441820068336 45.48422706217157))