ID: 89123, ZonePolygon: POLYGON ((2.264613528801327 48.72741940800534, 2.2658795314563562 48.726272889895114, 2.2663945155872156 48.72646397806207, 2.2657722430957605 48.727185860139954, 2.2650748687518885 48.72770957202413, 2.2647530036701014 48.72763172330538, 2.264613528801327 48.72741940800534))
ID: 88971, ZonePolygon: POLYGON ((2.472728014741099 48.96414669133276, 2.513926745209849 48.993215084311615, 2.4871475704051615 49.01010752005463, 2.5019104488231303 49.03082108342236, 2.5791580684520365 49.032396762513926, 2.6172668941356303 49.01213422732128, 2.6217300899364115 48.99118760698674, 2.548259020600474 48.98758299912353, 2.544139147553599 48.983076872574266, 2.5242264278270365 48.98149963201647, 2.520793200287974 48.97857033854972, 2.4813110835887553 48.95355166793089, 2.472728014741099 48.96414669133276))
ID: 88970, ZonePolygon: POLYGON ((2.3118849660619833 48.72164541786969, 2.363726701901827 48.73964863743326, 2.3644133474096396 48.74745934976573, 2.389819231198702 48.746440630039835, 2.3877592946752646 48.740780699941666, 2.393595781491671 48.7380637070872, 2.402007188962374 48.73749764842411, 2.4093886281713583 48.72572218304714, 2.414538469479952 48.720399673707256, 2.3750563527807333 48.71156533002691, 2.3685332204565146 48.719493658573676, 2.344500627683077 48.71337762956669, 2.3407240773901083 48.71768157934851, 2.343127336667452 48.72334411018699, 2.3410674001440146 48.72425005596428, 2.3122282888158896 48.71405722506433, 2.305876817868624 48.71711529120363, 2.3118849660619833 48.72164541786969))
ID: 89096, ZonePolygon: POLYGON ((0.1695119018115276 48.017309510229346, 0.1731167907275433 47.998015244800634, 0.1693402404345745 47.98618245324735, 0.213972198442387 47.964807625486934, 0.2266751403369183 47.98733138688674, 0.2380047912158245 48.000197696343115, 0.231824981645512 48.01535744255905, 0.1966343993701214 48.01834292789922, 0.1695119018115276 48.017309510229346))