ID: 101791, ZonePolygon: POLYGON ((4.776001986179095 52.383920074726525, 4.794455584201556 52.38405104518786, 4.7945843302342706 52.377240065997704, 4.7762594782445245 52.377240065997704, 4.776001986179095 52.383920074726525))
ID: 88658, ZonePolygon: POLYGON ((5.380898331324482 51.934872326601926, 5.444413040797138 51.936777387974374, 5.448189591090107 51.905227622117415, 5.385704849879169 51.903744873012, 5.380898331324482 51.934872326601926))