ID: 89102, ZonePolygon: POLYGON ((2.3541009460819273 48.88079075346807, 2.3548948799503355 48.8822724036182, 2.356332543982318 48.88403621561504, 2.3585855995548277 48.8841773178875, 2.3585426842105894 48.8838810026555, 2.3587143455875426 48.88359879604039, 2.358757260931781 48.88290738310316, 2.3583924805057555 48.88225829287141, 2.358177903784564 48.882117185184576, 2.357577088965228 48.88057908557783, 2.356654409064105 48.879647736218935, 2.3539936577213316 48.88024041509022, 2.3541009460819273 48.88079075346807))
ID: 89103, ZonePolygon: POLYGON ((0.2069261382800969 47.95553963427959, 0.2067544769031438 47.94944624462045, 0.2076986144763859 47.94593934560802, 0.2136801341940009 47.94616931348912, 0.2142809490133368 47.94869889265164, 0.2198599437643134 47.95214811926431, 0.2227781871725165 47.96013794316469, 0.2223490337301337 47.9622645226136, 0.2167700389791571 47.961287456440225, 0.2123926738668524 47.95904588186116, 0.2069261382800969 47.95553963427959))