ID: 89272, ZonePolygon: POLYGON ((1.2917375155596478 38.996435691246354, 1.291480023494218 38.99573527128345, 1.2922846861986859 38.9955935187808, 1.2925260850100262 38.996289770992455, 1.2917375155596478 38.996435691246354))
ID: 89274, ZonePolygon: POLYGON ((1.216980859260186 38.958520419418925, 1.2157202210231866 38.95804905205323, 1.2157443609043206 38.95723353739157, 1.2169272150798882 38.95663493114277, 1.217431470374688 38.956576530262375, 1.218053742866143 38.956543158309096, 1.2180859293743218 38.957552652942084, 1.2180912937923516 38.95736076663949, 1.218080564956292 38.95752345288607, 1.2181181158825005 38.957978138107386, 1.2179142679973687 38.95862053243801, 1.216980859260186 38.958520419418925))
ID: 89275, ZonePolygon: POLYGON ((1.2318651869466768 38.95090937501045, 1.2335388853719698 38.951685330539696, 1.23503019358425 38.95011672349456, 1.2324767306020723 38.94883177483717, 1.2310712530782686 38.950525565909665, 1.2318651869466768 38.95090937501045))
ID: 89273, ZonePolygon: POLYGON ((1.3055821837477666 38.979627980374524, 1.3055339039854985 38.97963944824729, 1.3053984524302464 38.97951747168727, 1.3057377518706303 38.979354835947, 1.305881250052927 38.979545620142844, 1.3055821837477666 38.979627980374524))