ID: 91850, ZonePolygon: POLYGON ((-74.01130387394258 40.7104759410196, -74.01180812923738 40.709605745028426, -74.01048848240205 40.70900392058826, -74.00971600620576 40.70985785905574, -74.01130387394258 40.7104759410196))
ID: 91849, ZonePolygon: POLYGON ((-74.0039875260574 40.74301340984446, -74.00453469669644 40.742216797918545, -74.00144479191128 40.740948702109705, -74.00095126545254 40.74176158682005, -74.0039875260574 40.74301340984446))