ID: 92633, ZonePolygon: POLYGON ((121.33466101566944 31.50927776804817, 121.29071570316944 31.495227029687943, 121.24402380863819 31.48585869772554, 121.18085242191944 31.478831833010844, 121.14789343754444 31.43900296711864, 121.14789343754444 31.39446831427406, 121.11493445316944 31.378055482045784, 121.11218787113819 31.36398505749696, 121.12866736332569 31.340529669093456, 121.11768103520069 31.307682299756042, 121.10120154301319 31.284212878189294, 121.06549597660694 31.277170912233967, 121.07373572270069 31.22551376687579, 121.07373572270069 31.164427994300162, 120.97211218754444 31.131519327849055, 120.88971472660694 31.145624440849353, 120.86774207035694 31.11035772550461, 120.89246130863819 31.044491467087994, 120.90619421879444 31.00918720701467, 120.95288611332569 31.01389519763958, 120.99408484379444 31.00918720701467, 121.00369788090381 30.939717344911166, 121.04077673832569 30.946784385650158, 121.09570837895069 30.95031771004414, 121.18085242191944 30.98093438059368, 121.30032874027881 30.98093438059368, 121.36350012699756 31.029194560931753, 121.43903113285694 31.0409616299466, 121.53928137699756 31.050668367125265, 121.88054419438038 31.106536377772002, 121.89874030033741 31.17059709729896, 121.84003210941944 31.237256508739446, 121.78647375981006 31.29829523244052, 121.56537390629444 31.38800904156412, 121.33466101566944 31.50927776804817))
ID: 92634, ZonePolygon: POLYGON ((121.88141097090629 31.106778944917103, 121.53396834395316 31.050028689374933, 121.45431746504691 31.04179267822529, 121.36162032149223 31.03002571191269, 121.29844893477348 30.979705541099765, 121.18309248946098 30.979999888297655, 121.09520186446098 30.95011901807259, 121.0390685941973 30.94746903151553, 121.00078810713676 30.938487974987876, 120.82759976095333 30.88938092869047, 121.06380581564083 30.542275536583567, 121.51149868673458 30.759657879583273, 121.89327358907833 30.8115681279882, 122.02922939962521 30.89763009798104, 121.95369839376583 31.135370959069302, 121.88141097090629 31.106778944917103))