ID: 96582, ZonePolygon: POLYGON ((2.0489751638488585 41.29959881536569, 2.105795079620343 41.318682669080445, 2.1243345083312803 41.29974151975825, 2.108884984405499 41.28813376777415, 2.0680295766906553 41.27587889988675, 2.044769460113507 41.28748196046509, 2.0489751638488585 41.29959881536569))
ID: 92639, ZonePolygon: POLYGON ((2.153644687523242 41.37250707320333, 2.1550716227191646 41.37311091207304, 2.1555436915057857 41.372265536086026, 2.1539236372607906 41.37166168936914, 2.1533228224414547 41.37247486830617, 2.153644687523242 41.37250707320333))
