ID: 98339, ZonePolygon: POLYGON ((-0.4961982565043455 51.48295777046043, -0.4965415792582517 51.46093070802337, -0.4491630392191892 51.455368797441814, -0.4155174093363767 51.469486170157474, -0.4168907003520017 51.47718471465933, -0.4278770284770017 51.48103349972187, -0.4961982565043455 51.48295777046043))
ID: 98029, ZonePolygon: POLYGON ((-0.8305433254269512 51.68413822535675, -0.8305433254269512 51.68399687357239, -0.8299586038617046 51.68385718431666, -0.8293148736981304 51.6839885587478, -0.8293309669522198 51.684257958287695, -0.8302616934803875 51.68418312524295, -0.8305433254269512 51.68413822535675))
ID: 98027, ZonePolygon: POLYGON ((-0.8109337875385236 51.813679178587975, -0.8104027101535749 51.813891427340955, -0.810000378801341 51.813529940585, -0.8106065580387067 51.81332763939187, -0.8109337875385236 51.813679178587975))
