ID: 98781, ZonePolygon: POLYGON ((4.903733133172357 52.3625191755739, 4.90389943013128 52.36216374405835, 4.904787241315209 52.36234227914016, 4.904578029012048 52.36272719177047, 4.903733133172357 52.3625191755739))
ID: 98779, ZonePolygon: POLYGON ((4.716129531877145 52.29395162466662, 4.715464344041451 52.29347260560676, 4.716322650926217 52.29311169741373, 4.7165801429916465 52.29326918498687, 4.7165801429916465 52.29369571101889, 4.716129531877145 52.29395162466662))
ID: 98780, ZonePolygon: POLYGON ((4.884208272369932 52.37050593527861, 4.884196202429365 52.37041791254777, 4.884369204910826 52.37041259023749, 4.884375744171918 52.370503400185434, 4.884208272369932 52.37050593527861))