ID: 60934, ZonePolygon: POLYGON ((-3.055644587451445 43.37598061420768, -3.0867152966799605 43.380222790062774, -3.1137519635500777 43.36599785322827, -3.1101899899783003 43.35907134743971, -3.0877452649416792 43.35214405085293, -3.066030100757109 43.33385468553607, -3.0676608838381636 43.31306178916396, -2.885356501513945 43.19253541941785, -2.8293090619387495 43.229756504243724, -2.8729539670290816 43.24723318897991, -2.8820949353518355 43.260079575200734, -2.884154871875273 43.28448336721877, -2.9403739728274214 43.299945492743376, -2.9321342267336714 43.31624674831069, -3.0141025342287886 43.388207257113706, -3.055644587451445 43.37598061420768))
ID: 60933, ZonePolygon: POLYGON ((-2.932069853717314 43.31610623892686, -2.9405241765322554 43.300086039489806, -2.8842621602358687 43.284530228082666, -2.872417525226103 43.30651960936097, -2.932069853717314 43.31610623892686))
