ID: 8604, ZonePolygon: POLYGON ((-15.554900655115262 27.764889531591773, -15.55919218953909 27.762079393038118, -15.562625417078152 27.760180609699056, -15.565371999109402 27.756382943657446, -15.567946919763699 27.750458320111665, -15.568461903894558 27.74445741128401, -15.568805226648465 27.73845617184128, -15.571980962122097 27.73686085004289, -15.57592917379202 27.736253102261447, -15.576701649988308 27.747647809040302, -15.578933247888699 27.759269181931405, -15.578504094446316 27.772104419876676, -15.55593062337698 27.769674195147346, -15.554900655115262 27.764889531591773))
ID: 8602, ZonePolygon: POLYGON ((-15.38733357120941 27.948890591396466, -15.373428999676207 27.944796238432392, -15.382183729900817 27.92523218776216, -15.38784855534027 27.909305345978083, -15.398663222088317 27.91006382020583, -15.405358015789488 27.913552733150595, -15.389908491863707 27.949497149004443, -15.38733357120941 27.948890591396466))
ID: 8603, ZonePolygon: POLYGON ((-15.708534784256585 27.779679762165255, -15.711281366287835 27.779527885286647, -15.713384218155511 27.780666956706767, -15.716130800186761 27.78188195307243, -15.719521112381585 27.784615645265752, -15.723726816116937 27.787235369131853, -15.727288789688714 27.788412325972438, -15.728919572769769 27.793271883820022, -15.723083085953363 27.796119180062522, -15.7196498584143 27.797561781689655, -15.715100831925042 27.798055298903105, -15.711581773697503 27.7979034476915, -15.70716149324096 27.798738626729673, -15.705230302750238 27.799839534746255, -15.701496667801507 27.79684048326956, -15.70042378419555 27.795359908357355, -15.697891778885491 27.792360733270286, -15.708534784256585 27.779679762165255))
ID: 8606, ZonePolygon: POLYGON ((-15.75176387416684 27.811382407932264, -15.752965503805513 27.81350804185763, -15.753909641378755 27.814381058025297, -15.755712085836763 27.814419015090785, -15.759960704916352 27.816089112839062, -15.762106472128266 27.816620502191025, -15.762964779013032 27.816544589585654, -15.763136440389985 27.815405894137225, -15.767385059469575 27.81574750402543, -15.769831234091157 27.81893581116265, -15.769101673239106 27.822541521905052, -15.765968853109712 27.826640500247155, -15.761934810751313 27.829980294088333, -15.758201175802583 27.832598924196564, -15.754553371542329 27.83331998516042, -15.753823810690278 27.83313023273972, -15.753351741903657 27.833206133747826, -15.74751525508725 27.82724774313462, -15.74253707515561 27.820833568585027, -15.740734630697602 27.8181766989065, -15.739490085714692 27.817000064421876, -15.751163059347505 27.810129782746618, -15.75176387416684 27.811382407932264))
ID: 8605, ZonePolygon: POLYGON ((-15.592716432569887 27.77059802673595, -15.598552919386293 27.768623445940715, -15.602157808302309 27.76566150756401, -15.605161882398988 27.763155189048312, -15.607479310987856 27.76072476446013, -15.610397554396059 27.7589019104059, -15.615804887770082 27.75631948157825, -15.617521501539613 27.75092656504083, -15.616234041212465 27.747356459282436, -15.610054231642152 27.742950635539064, -15.604646898268129 27.73732915342576, -15.597522951124574 27.734518303601714, -15.591600633619692 27.735885753113482, -15.586794115065004 27.73603769088885, -15.58215925788727 27.736113659697093, -15.57889769172516 27.735657846053176, -15.57615110969391 27.736417534400395, -15.576837755201723 27.7475083810605, -15.57864019965973 27.75761070364935, -15.578962064741518 27.759357626781128, -15.578854776380922 27.762775438783734, -15.578704572676088 27.767503235136605, -15.578554368971254 27.77205995289207, -15.580721593855287 27.772363727290756, -15.582802988050844 27.772325755537313, -15.585849977491762 27.771718205679758, -15.592716432569887 27.77059802673595))
