ID: 33024, ZonePolygon: POLYGON ((-68.2977601840071 -54.78844602125925, -68.28178038969978 -54.78512438404734, -68.27909818068488 -54.787054595799354, -68.2726179637049 -54.7892569043639, -68.24785581007941 -54.809925537451576, -68.27148070708259 -54.813313640467356, -68.29814642210525 -54.78881719249192, -68.2977601840071 -54.78844602125925))
ID: 33025, ZonePolygon: POLYGON ((-68.41386551774622 -54.829368729775844, -68.37970490373255 -54.856156115437315, -68.25344796098352 -54.845383991000794, -68.26100106156946 -54.83154401469973, -68.28846688188196 -54.82847880670697, -68.28949685014368 -54.81581999963181, -68.27159019560725 -54.813412093827665, -68.28249069304377 -54.803271692906605, -68.29218956084162 -54.79432213706558, -68.29802604765803 -54.7889776703044, -68.34401933798254 -54.79844398791191, -68.41386551774622 -54.829368729775844))
ID: 33023, ZonePolygon: POLYGON ((-68.27262929569605 -54.789245882807066, -68.2479100574148 -54.80987742392826, -68.21915677677515 -54.80488130248485, -68.20902875553492 -54.787068319355306, -68.26915315281275 -54.77001493358226, -68.28550389896753 -54.77206964105892, -68.28584722172144 -54.781920885020405, -68.27915242802027 -54.787068319355306, -68.27262929569605 -54.789245882807066))