ID: 66531, ZonePolygon: POLYGON ((115.94839031367638 -31.881942015954714, 115.94849760203698 -31.899650667380946, 115.94463522105553 -31.970087140818816, 115.94626600413659 -31.97816894897209, 115.94995672374108 -31.982755604588025, 115.94815427928307 -31.988506801115967, 115.92171842723229 -32.011034913985604, 115.88841612010339 -32.007941720686944, 115.86230749755242 -32.01300989741729, 115.85494215159753 -32.00839660860102, 115.82078153758385 -31.98617724596395, 115.81202680735925 -31.996696173864077, 115.77546293406823 -31.988652396348797, 115.74456388621667 -32.006849980482905, 115.74422056346276 -31.890323077941737, 115.83914930491784 -31.890614579415576, 115.90171987681725 -31.885513170400515, 115.92751199870446 -31.880630128528452, 115.9421246734176 -31.88022927031055, 115.94839031367638 -31.881942015954714))
ID: 66532, ZonePolygon: POLYGON ((115.95755890160977 -31.92185201981013, 115.99000290185391 -31.92782556850102, 115.97815826684415 -31.944141577186134, 115.97335174828946 -31.95943520472605, 115.96854522973477 -31.964823781044586, 115.95412567407071 -31.962202350981617, 115.95618561059415 -31.95273545271224, 115.94880417138516 -31.939771501700044, 115.94777420312344 -31.930156604191172, 115.95755890160977 -31.92185201981013))
