ID: 29003, ZonePolygon: POLYGON ((-77.311573141589 25.085881401693968, -77.29329120494349 25.088524348297337, -77.2884846863888 25.077097080894013, -77.2939778504513 25.0749980790901, -77.31929790355188 25.07841865616235, -77.31974851466639 25.078129107286518, -77.34283696986658 25.0832598058475, -77.3532416568595 25.086796753114985, -77.35169670446692 25.08854575520303, -77.33350059850989 25.08807935709024, -77.3272349582511 25.0907222562264, -77.311573141589 25.085881401693968))
ID: 28234, ZonePolygon: POLYGON ((-77.38397300031863 25.072527720291756, -77.3866337516614 25.080224039596395, -77.37022341225823 25.086784079759454, -77.35889376137932 25.085695799066038, -77.35065401528557 25.083208264001563, -77.34275759194573 25.083208264001563, -77.3355478141137 25.08165352891491, -77.30087221596916 25.073724072840694, -77.29151667092522 25.057630363107883, -77.30653704140862 25.037879637977063, -77.31893426369089 25.014340482135204, -77.38761127451221 25.016355356418973, -77.38658130625049 25.053794677779162, -77.38397300031863 25.072527720291756))
