ID: 31653, ZonePolygon: POLYGON ((12.240243473788496 45.63572052175627, 12.205557479079241 45.631990902410585, 12.191985833735215 45.6395440972796, 12.17387555846666 45.641374379944786, 12.172459352106797 45.659583935100954, 12.193917024225925 45.67068075975712, 12.197311709420774 45.68866440867232, 12.21190292646179 45.70257284615217, 12.226322482125852 45.705330142645835, 12.236450503366086 45.706888554421326, 12.24932510663757 45.70736805699631, 12.260654757516477 45.705330142645835, 12.278335879342649 45.68746524348193, 12.284344027536008 45.661471544580735, 12.283485720651242 45.65673239008756, 12.28305656720886 45.65493260608227, 12.297647784249875 45.64473273743284, 12.240243473788496 45.63572052175627))
ID: 31671, ZonePolygon: POLYGON ((12.22009752494268 45.511471484183716, 12.221728308023735 45.520011747987084, 12.230483038248344 45.52241722212921, 12.2431001494544 45.52007188609405, 12.260180456461235 45.51285485431351, 12.273570043863579 45.50810313646699, 12.264214498819634 45.50046345809152, 12.27829073172979 45.49312357812795, 12.282153112711235 45.49553020156595, 12.28979204398565 45.49649282214421, 12.292066557230278 45.488400280661715, 12.29451273185186 45.48277392541045, 12.289234144510552 45.48208187499342, 12.287578148804709 45.482462766395344, 12.283973259888693 45.48228223132643, 12.28556112762551 45.47831031344599, 12.27483229156594 45.47701637064332, 12.268781228028342 45.477618208201086, 12.26697320727411 45.47590320521298, 12.259248445311218 45.47108817823218, 12.24671716479364 45.47710689767861, 12.234357545653015 45.480236377758125, 12.228177736082703 45.48198158922942, 12.225946138182312 45.482884263605875, 12.219411557131886 45.481620515429256, 12.22009752494268 45.511471484183716))
ID: 31661, ZonePolygon: POLYGON ((12.315579944112983 45.436214220715755, 12.315236621359077 45.43695200448955, 12.314930849531379 45.43782905122221, 12.31566041038343 45.43853062161126, 12.31638460681745 45.43923073484833, 12.317001514890876 45.439753932079654, 12.317806177595344 45.44001364688899, 12.318503551939216 45.43968618019364, 12.31890588329145 45.439313543366374, 12.319791012266364 45.438854330961874, 12.319930487135139 45.43824455133704, 12.320059233167854 45.437589595511035, 12.319973402479377 45.43702497231799, 12.315579944112983 45.436214220715755))
ID: 95691, ZonePolygon: POLYGON ((12.31459215515029 45.43764685163121, 12.309442313841696 45.43144322116863, 12.311931403807517 45.4303289046184, 12.33356073730361 45.426925585444906, 12.34029844634902 45.43210577733645, 12.346263679198142 45.43231658903145, 12.363086494139548 45.4231304920064, 12.369051726988669 45.42502807061723, 12.368365081480857 45.4288531542458, 12.363258155516501 45.43541844150552, 12.364331039122458 45.441711967717445, 12.357636245421286 45.44041718475091, 12.356220039061423 45.439152484330826, 12.350855621031638 45.439032035193335, 12.336650642088767 45.44598755154839, 12.325278075865622 45.45080472253975, 12.315879615477439 45.447131666909414, 12.314163001707907 45.44415089678715, 12.31832579009902 45.44026662666358, 12.319613250426169 45.43888147340984, 12.321415694884177 45.43990528561486, 12.32008531921279 45.439182596575066, 12.320171149901267 45.43719515398707, 12.315536292723532 45.43623152026145, 12.31459215515029 45.43764685163121))
ID: 31651, ZonePolygon: POLYGON ((12.315773698056091 45.49738976478794, 12.333969804013122 45.48439320555112, 12.356176579231715 45.490771521404405, 12.378320896858668 45.515615995140436, 12.366132939094996 45.5209684530848, 12.350168431038355 45.517600673770986, 12.315773698056091 45.49738976478794))
