ID: 65402, ZonePolygon: POLYGON ((34.80052845623614 31.97589383393555, 34.79366200115801 31.955214123300795, 34.84464543011309 31.954631528795094, 34.89837544109942 31.982009475428804, 34.90936176922442 31.994239535617815, 34.908675123716606 32.02917357819263, 34.83348744061114 32.020441315951096, 34.80052845623614 31.97589383393555))
ID: 65403, ZonePolygon: POLYGON ((34.772398024478434 32.13263182298922, 34.86509516803312 32.10646216587292, 34.80295374957609 31.984237958929025, 34.7208996113925 31.997050051025422, 34.772398024478434 32.13263182298922))
ID: 65404, ZonePolygon: POLYGON ((35.16754840593659 31.806412028191613, 35.19630168657624 31.809183775500735, 35.220420110038155 31.802327196370214, 35.22548412065827 31.791421269721724, 35.22471164446198 31.777449590860137, 35.22376750688874 31.7503027512785, 35.22160028200471 31.735576639179815, 35.20953034143769 31.750841022041044, 35.194198834708565 31.75194492347597, 35.16411517839753 31.749207953631974, 35.16754840593659 31.806412028191613))
