ID: 55067, ZonePolygon: POLYGON ((10.302591094227868 43.56357640246597, 10.29555297777279 43.55673469766302, 10.303449401112633 43.54827478858317, 10.300187834950524 43.532844838341376, 10.308427581044274 43.526621967054105, 10.324735411854821 43.53334264030828, 10.334176787587243 43.53458712724837, 10.344819792958337 43.55673469766302, 10.333146819325524 43.573775319734935, 10.313062438222008 43.57178542270498, 10.302591094227868 43.56357640246597))
ID: 55068, ZonePolygon: POLYGON ((10.495069101455327 43.84894067678371, 10.491378381850835 43.84237908438458, 10.497386530044194 43.83674544343288, 10.512063577773686 43.83563103385593, 10.520131662490483 43.84076952696324, 10.518243387343999 43.85079760019413, 10.500819757583256 43.85073570367854, 10.495069101455327 43.84894067678371))
ID: 10642, ZonePolygon: POLYGON ((10.441919056940087 43.711794000105286, 10.429902760553368 43.71657093285234, 10.415327636766442 43.721851481887796, 10.410451380777367 43.72694549120467, 10.400355546045311 43.72882171424246, 10.392351834344872 43.72736415763756, 10.386987416315087 43.725565421872155, 10.371795384454735 43.66735649710839, 10.386558262872704 43.66685980271284, 10.400462834405907 43.674185628265384, 10.42011806206704 43.68945523679409, 10.43659755425454 43.69752297255569, 10.441919056940087 43.711794000105286))
ID: 55066, ZonePolygon: POLYGON ((11.19212244308689 43.81141428295616, 11.174956305391577 43.79035187432669, 11.189204199678686 43.767670512398276, 11.224652274019506 43.75911628983376, 11.260443671114233 43.7580004314966, 11.283617957002905 43.763827462278655, 11.283961279756811 43.7753558719482, 11.263361914522436 43.79233453520266, 11.211863501436499 43.81674065676183, 11.19212244308689 43.81141428295616))