ID: 99830, ZonePolygon: POLYGON ((15.55215076058694 38.18815982632596, 15.551356826718532 38.18633834020644, 15.55327582716676 38.18534142872385, 15.555046085116588 38.18739905823869, 15.55215076058694 38.18815982632596))
ID: 99884, ZonePolygon: POLYGON ((15.282206723808546 37.85205390834656, 15.28236765634944 37.8508509503726, 15.284685084938307 37.851062740171876, 15.28436321985652 37.85217250877399, 15.282206723808546 37.85205390834656))