ID: 40001, ZonePolygon: POLYGON ((135.15710239150786 34.776760640608025, 135.09015445449614 34.74714546918017, 135.09667758682036 34.62236328109616, 135.19109134414458 34.639595536576046, 135.19555453994536 34.678849105198125, 135.22714023330474 34.687883264713605, 135.24430637100005 34.69359968449576, 135.2147806141641 34.73543749627426, 135.15710239150786 34.776760640608025))
ID: 39999, ZonePolygon: POLYGON ((135.42668986220204 34.796512514980115, 135.42711901564442 34.794961879163196, 135.42660403151356 34.792635870758915, 135.42668986220204 34.78967540153176, 135.42917895216786 34.787032035628386, 135.43222594160878 34.78639761520495, 135.43321299452626 34.78456481768112, 135.4333846559032 34.78375414424768, 135.43351340193593 34.782696732143684, 135.43664622206532 34.782802473964054, 135.45055079359852 34.7703592561094, 135.45128035445057 34.77085279056985, 135.452439068745 34.770147740437174, 135.45419201615798 34.77213641471153, 135.45436367753493 34.77312345942495, 135.45247540238844 34.77502701231761, 135.45213207963454 34.77735351732962, 135.4493854976033 34.77770601236639, 135.44732556107985 34.779045479771625, 135.44741139176833 34.779926696467975, 135.4460381007527 34.78080790375175, 135.44578060868727 34.782006330552115, 135.44517979386794 34.78249979535076, 135.4447935557698 34.78313424575441, 135.44496521714674 34.786412161769405, 135.44723973039137 34.78662363574882, 135.447711799178 34.78884407979606, 135.4469393229817 34.78926701474154, 135.44445023301589 34.788914569104236, 135.43921456101882 34.79314381734103, 135.440330359969 34.794024883422836, 135.4348371959065 34.798218628911386, 135.43273434403883 34.79783098071309, 135.4306744075154 34.79705567884834, 135.42908653977858 34.797231884457794, 135.42715534928786 34.797443330692055, 135.42681202653395 34.79684423161991, 135.42668986220204 34.796512514980115))
ID: 40002, ZonePolygon: POLYGON ((135.72321265351562 34.696526311708844, 135.7280191720703 34.72136257259485, 135.77608435761718 34.72079819493877, 135.83547919404296 34.70809867924561, 135.86431830537109 34.67648253021751, 135.83856909882812 34.61971255918542, 135.76475470673827 34.61264889976082, 135.72819083344726 34.656857509375705, 135.72321265351562 34.696526311708844))
ID: 40000, ZonePolygon: POLYGON ((135.40952053736785 34.676497977993485, 135.4562124318991 34.696824027816206, 135.489514739028 34.71573406313203, 135.5104574270163 34.721378011994744, 135.52281704615692 34.72984321294442, 135.53140011500457 34.73520405850609, 135.54169979762176 34.68129763424186, 135.54307308863739 34.598817845964255, 135.50650921534637 34.58864342608211, 135.4789575643454 34.60107865893164, 135.4503759450827 34.61012129536598, 135.44213619898895 34.64204522571911, 135.41329708766082 34.649247599716695, 135.40952053736785 34.676497977993485))
ID: 39998, ZonePolygon: POLYGON ((135.18887548390265 34.43097575625312, 135.23350744191046 34.390755187948244, 135.2856925005042 34.44683207047614, 135.2520468706214 34.46721433822634, 135.18887548390265 34.43097575625312))
