ID: 10730, ZonePolygon: POLYGON ((140.34189427261583 35.773264966968284, 140.38360798721544 35.73216817895924, 140.40403569107286 35.73551243947867, 140.41107380752794 35.76086851064316, 140.40146077041857 35.79101562181722, 140.38463795547716 35.81370916474469, 140.36644184952013 35.81120344777794, 140.34189427261583 35.773264966968284))
ID: 39997, ZonePolygon: POLYGON ((139.68481718910138 35.47644962954959, 139.55778777015607 35.54519843264034, 139.477450245742 35.50021095270322, 139.4654339493553 35.44820645411063, 139.49495970619122 35.42163204200205, 139.5921200455467 35.39029094558177, 139.64430510414044 35.40036619837113, 139.6975201309959 35.388051829566, 139.71468626869122 35.416036311429544, 139.70404326332013 35.44960486441247, 139.68481718910138 35.47644962954959))
ID: 10728, ZonePolygon: POLYGON ((139.75192245801054 35.54419483424013, 139.80153259595 35.51793158701866, 139.8293417390164 35.542798069493436, 139.79140457470976 35.57659294637871, 139.77063354809843 35.569751332623056, 139.76170715649687 35.56388662722391, 139.75346741040312 35.563746986149354, 139.75192245801054 35.54419483424013))
ID: 10729, ZonePolygon: POLYGON ((139.89246563618983 35.60776474511965, 139.90574335661697 35.60688033228871, 139.8842104464395 35.675780559751594, 139.89931664761139 35.681915935013976, 139.911676266752 35.68693543661781, 139.90892968472076 35.71537331309308, 139.89588342007232 35.72708007853517, 139.9016217473628 35.73820994295847, 139.89166538749953 35.748520179440014, 139.87999241386672 35.760779262950365, 139.8907647441457 35.787360247366244, 139.86123898730978 35.794043989372106, 139.83102658496603 35.80017025904287, 139.8131738017629 35.805739185175746, 139.7644219707082 35.81242138115616, 139.7534356425832 35.7879172473368, 139.72361869634483 35.78908914455224, 139.69065971196983 35.79855740715681, 139.65838737310264 35.79911432864544, 139.62954826177452 35.787975157133566, 139.61512870611045 35.77070635559607, 139.58560294927452 35.71680833762882, 139.57736320318077 35.66327075884068, 139.56431693853233 35.629791528645754, 139.60757560552452 35.61193020346548, 139.6453411084542 35.59741493951097, 139.67006034673545 35.57005209336852, 139.68791312993858 35.531504888621555, 139.75108451665733 35.542121185257024, 139.75345668124544 35.563469608355945, 139.77680262851106 35.57436091912348, 139.82624110507356 35.58106252830288, 139.88066148577238 35.61698487189047, 139.89246563618983 35.60776474511965))
