ID: 74948, ZonePolygon: POLYGON ((100.30171913242438 5.306918471080442, 100.28850120639899 5.319395910428599, 100.26034874057868 5.2993977007517366, 100.25245231723883 5.274954565445193, 100.26738685703376 5.265040291815227, 100.30171913242438 5.306918471080442))
ID: 74947, ZonePolygon: POLYGON ((100.31007974304735 5.445580001729478, 100.35454003967821 5.421142717281419, 100.3432103887993 5.390039288865047, 100.32140939392626 5.360130643587825, 100.2824422613579 5.3751706031137445, 100.27506082214892 5.41131625738899, 100.3099080816704 5.446776206964092, 100.31007974304735 5.445580001729478))
