ID: 66526, ZonePolygon: POLYGON ((57.66930576728016 -20.503188600215736, 57.66786572828639 -20.4013836706367, 57.28050904286677 -20.432594398876137, 57.319803602146756 -20.587168879174868, 57.66930576728016 -20.503188600215736))
ID: 66525, ZonePolygon: POLYGON ((57.668071961610686 -20.400670984303897, 57.706770873277556 -20.39709104195264, 57.72634027025021 -20.39527589895477, 57.73609278222836 -20.394388432061447, 57.745759463518034 -20.393500960057477, 57.721124718308126 -20.46455971174767, 57.6690400152485 -20.481442124014304, 57.66876313312183 -20.4613086044768, 57.66863542089455 -20.451240854545294, 57.66855010710884 -20.446216785081123, 57.668518179052 -20.443694635664947, 57.6684862509952 -20.44118249811655, 57.668187911196455 -20.42104370188219, 57.66803874129707 -20.4109833704362, 57.667974885183426 -20.405942902627665, 57.66794295712663 -20.403422606859184, 57.66791626426215 -20.401388144683402, 57.667835927217375 -20.400670984303897, 57.668071961610686 -20.400670984303897))
ID: 66527, ZonePolygon: POLYGON ((57.838277789645936 -20.38491094774309, 57.56188284685262 -20.41039703788735, 57.28548790405926 -20.43330516694802, 57.46169430998688 -19.9594460699145, 57.90252072600251 -20.01623119536035, 57.838277789645936 -20.38491094774309))