ID: 27247, ZonePolygon: POLYGON ((5.636299780971119 58.90026099286267, 5.60282581246526 58.88190181118492, 5.6356131354633066 58.86513056483728, 5.664967230922291 58.87799812001858, 5.636299780971119 58.90026099286267))
ID: 27244, ZonePolygon: POLYGON ((5.778183802360095 58.96558794611225, 5.754065378898181 58.973729030981055, 5.740804537528552 58.97443686053477, 5.728573664420642 58.97726803336863, 5.678276880973376 59.0014120210784, 5.670723780387439 58.96133966020512, 5.749516362886302 58.922960689193836, 5.778183802360095 58.96558794611225))