ID: 31340, ZonePolygon: POLYGON ((-79.42829516404808 9.005865895275976, -79.54584029191673 8.926891622920325, -79.56749108308495 8.9475164583068, -79.59463503831566 8.992895455648247, -79.49717429155052 9.102303004811038, -79.42829516404808 9.005865895275976))
ID: 31341, ZonePolygon: POLYGON ((-79.37387109387333 9.126291970523166, -79.32735086071904 9.086459990392541, -79.43429589856083 9.014157883157848, -79.48304772961552 9.082815566522848, -79.37387109387333 9.126291970523166))
