ID: 11569, ZonePolygon: POLYGON ((31.102375145710614 -29.703220969138975, 31.043446346771272 -29.812200164274287, 30.98193870979538 -29.80382143248727, 31.071395754560555 -29.698523295196576, 31.102375145710614 -29.703220969138975))
ID: 11572, ZonePolygon: POLYGON ((31.042982198537388 -29.81273797241536, 31.037531949819126 -29.835858674648698, 31.055577852071323 -29.873320720048444, 31.04343817406992 -29.875539528229556, 31.035246707738438 -29.87344166264673, 31.024614431203403 -29.864854373786326, 31.005388356984653 -29.870808802164987, 30.9942303674827 -29.884949145144372, 31.009293653310337 -29.88260496377186, 31.011847116292515 -29.878604844494088, 31.024528600514927 -29.87758153239328, 31.029281474889316 -29.875693028856855, 31.04845390492777 -29.87767456119998, 31.057755805791416 -29.872883464815814, 31.063694216550388 -29.864086784896557, 31.06465444737772 -29.872334567236052, 31.035772420705356 -29.915753262698267, 30.936208822072544 -29.910099114239884, 30.96350298100809 -29.800809369060516, 31.042982198537388 -29.81273797241536))
ID: 11571, ZonePolygon: POLYGON ((31.15930606635607 -29.62445356639224, 31.130638616404898 -29.63974771107978, 31.1060910395006 -29.629974647428114, 31.084461706004507 -29.61878295202969, 31.156328834659014 -29.513028459196054, 31.198729194766436 -29.526547100705375, 31.227396644717608 -29.529907808576347, 31.149006383738882 -29.639374710790964, 31.15930606635607 -29.62445356639224))
