ID: 91322, ZonePolygon: POLYGON ((121.40423122257427 25.172562744650104, 121.4007979950352 25.13713578479816, 121.40217128605083 25.173184178428055, 121.41933742374614 25.1880976386353, 121.44680324405864 25.1880976386353, 121.51546779483989 25.169455528244658, 121.60610500187114 25.13029781922943, 121.63906398624614 25.081799449707688, 121.64318385929302 25.060031111494286, 121.63013759464458 25.01710506119629, 121.57589259952739 24.97603131210323, 121.53538051456646 24.938679634116724, 121.42689052433208 24.932453252950236, 121.38088527530864 24.92456605349351, 121.36028591007427 24.960054482924694, 121.38157192081646 24.98121815024854, 121.40148464054302 25.01109006885489, 121.39873805851177 25.046553536690567, 121.3733321747227 25.066458358289008, 121.31908717960552 25.095687701683705, 121.27788844913677 25.116206260416366, 121.32252040714458 25.132369972019234, 121.40285793155864 25.174634179838066, 121.40423122257427 25.172562744650104))
ID: 91324, ZonePolygon: POLYGON ((121.36910723939982 25.068054695090794, 121.38593005434123 25.056858776600706, 121.39725970522014 25.04441766748383, 121.40137957826701 25.008953582312518, 121.3622407843217 24.959784670669862, 121.34850787416545 24.936126801713005, 121.29563617006389 24.92367346688278, 121.26611041322795 24.90000866551782, 121.21598529115764 24.954804444349943, 121.22971820131389 24.980325974197473, 121.21667193666545 25.007086767679542, 121.22697161928264 25.028242338440144, 121.23109149232951 25.038818756501858, 121.26542376772014 25.067432726460154, 121.28190325990764 25.076761924290015, 121.36910723939982 25.068054695090794))
ID: 91684, ZonePolygon: POLYGON ((121.20958926518942 25.074818202243012, 121.2360251172402 25.094252056608614, 121.23448016484762 25.096117544282603, 121.24220492681052 25.106843546322274, 121.25679614385153 25.083058533276578, 121.22280719121481 25.05693633176085, 121.20958926518942 25.074818202243012))
