ID: 12598, ZonePolygon: POLYGON ((55.298003875862605 25.041399770432204, 55.233802520882136 24.950072304310897, 55.148658477913386 24.973260659331622, 55.0394818421712 25.02677949447209, 55.06921402902458 25.107544273849243, 55.149723214815594 25.15634318904388, 55.227765079173544 25.104926500963906, 55.298003875862605 25.041399770432204))
ID: 66992, ZonePolygon: POLYGON ((55.72150095935669 25.687454976847285, 55.738667097052 25.699675366876033, 55.77523097034302 25.695498918937577, 55.75600489612427 25.671984330704497, 55.75377329822388 25.660225296546933, 55.742100324591064 25.656202202861174, 55.72150095935669 25.687454976847285))
ID: 12600, ZonePolygon: POLYGON ((55.352044466389884 25.33787295465169, 55.461907747639884 25.27579803818086, 55.50516641463207 25.219282251516173, 55.38980996931957 25.101819427865273, 55.2977994712727 25.041490401210545, 55.227761629475815 25.104928365839218, 55.15053109852556 25.155177563725637, 55.23970063951337 25.270002261148335, 55.239769842926535 25.270577951855994, 55.24713465486025 25.278294146386433, 55.259289358073325 25.293104245301894, 55.266895034797145 25.299144213576643, 55.27407155807858 25.304407931332182, 55.294194582356674 25.363624703040802, 55.352044466389884 25.33787295465169))
ID: 12599, ZonePolygon: POLYGON ((55.4194630072102 25.401077267781414, 55.56846508240551 25.31420886389743, 55.50529369568676 25.217960419404537, 55.46370804239962 25.275018881732297, 55.35247147013399 25.33833537910228, 55.37032425333712 25.384250153779295, 55.4194630072102 25.401077267781414))
