ID: 32143, ZonePolygon: POLYGON ((-71.00738764697027 42.380031209628456, -70.99622965746832 42.377241446572, -70.99897623949957 42.36468597906306, -70.98438502245855 42.36227605683112, -70.98507166796637 42.35479202491013, -70.99399805956793 42.35098624311136, -71.00598856185441 42.34390056532346, -71.04529901717667 42.365719713702454, -71.04770227645402 42.376246011552716, -71.0437540647841 42.38334709538658, -71.03946253036027 42.385883002134726, -71.03379770492081 42.38524903505081, -71.02899118636613 42.3841078781665, -71.02075144027238 42.38689733615268, -71.01542993758683 42.393870438856645, -71.01216837142472 42.398814533179795, -70.98865076278214 42.39323655244004, -70.98641916488175 42.39044737614848, -70.98607584212785 42.387277707184005, -70.99259897445206 42.38524903505081, -70.99534555648331 42.38055747965395, -71.00738764697027 42.380031209628456))
ID: 32144, ZonePolygon: POLYGON ((-71.0302364360999 42.35034066046341, -71.02837330666293 42.354260949738986, -71.03257901039828 42.35625890981421, -71.03777176705111 42.35889104596258, -71.04085933529417 42.35971036824364, -71.04330550991575 42.36131177384318, -71.04664217793028 42.36476020672565, -71.04708120847779 42.36837069984784, -71.04931205890435 42.36980479663638, -71.04922522238749 42.36912830911961, -71.05248786819733 42.3700563231335, -71.04868921778119 42.370710902032506, -71.06353392108366 42.369425810190634, -71.06850614151159 42.367249962497624, -71.06427450600525 42.35700535242177, -71.06835863069142 42.34817053947637, -71.05660854850385 42.345647935854906, -71.05227342818353 42.35064364921778, -71.03802537241586 42.34324141037507, -71.0302364360999 42.35034066046341))
