ID: 31015, ZonePolygon: POLYGON ((101.40859047590048 0.5493921024014992, 101.40824715314658 0.518666050974748, 101.39914910016806 0.511113255377122, 101.39811913190634 0.5028738318728107, 101.39468590436728 0.4879398503819416, 101.37425820050986 0.4884548158186002, 101.36327187238486 0.4745507353148772, 101.36670509992392 0.4561835739166074, 101.37769142804892 0.4529221103951185, 101.37872139631064 0.4573851653682592, 101.39434258161337 0.4575568212735066, 101.42165559423306 0.4236556913525008, 101.4321269382272 0.4207375271717096, 101.43161195409634 0.4255439146490263, 101.43624681127407 0.4241706613881779, 101.44242662084439 0.4164461072782568, 101.4482631076608 0.4161027935855352, 101.46628755224087 0.411983028111082, 101.48139375341275 0.4554121112417298, 101.46645921361782 0.4737792746470314, 101.47881883275845 0.4657114610919928, 101.49032014501431 0.4730926525802896, 101.51057618749478 0.4624500019184622, 101.51555436742642 0.4679429849208299, 101.51383775365689 0.4736076191367198, 101.5200175632272 0.4813321128687464, 101.52070420873501 0.4859668049175256, 101.51006120336392 0.5046771957304083, 101.5174426425729 0.5122299989048279, 101.51263612401821 0.5202977560965444, 101.50014391627913 0.5292268472238773, 101.48898592677718 0.5335181970888949, 101.50203219142561 0.5400410431435895, 101.48726931300764 0.5570347405699884, 101.48023119655257 0.5542882877009413, 101.47405138698225 0.5549749010378492, 101.46890154567366 0.5450189999016984, 101.46014681544905 0.5532583675463605, 101.45516863551741 0.5560048208937631, 101.4515637466014 0.5560048208937631, 101.44744387355452 0.5524001006142802, 101.45036211696272 0.5499969525456455, 101.4548253127635 0.5520567938067343, 101.45782938686018 0.5478512838094616, 101.45877352443343 0.5429591562227775, 101.45568361964827 0.5414142730028707, 101.45070543971663 0.5422725415070355, 101.44761553493147 0.538667812974077, 101.44212237086897 0.5405560043772214, 101.43405428615218 0.5410709655671779, 101.43062105861311 0.5441607317875968, 101.42135134425764 0.5467355357628021, 101.42220965114241 0.5503402594719407, 101.41774645534163 0.5508552198243045, 101.41448488917952 0.5481087640984322, 101.40859047590048 0.5493921024014992))
ID: 31016, ZonePolygon: POLYGON ((101.43270899441481 0.6048118061751863, 101.39957834866286 0.5902213826102426, 101.39734675076247 0.5849001597350393, 101.399063364532 0.5558908249218538, 101.40335489895583 0.5521144511684158, 101.41382624294997 0.5493679960221043, 101.421036020782 0.552972718141767, 101.42378260281325 0.5500546099272628, 101.42275263455153 0.5467931931758433, 101.43185068753004 0.5445616964823156, 101.43888880398512 0.5414719304667626, 101.44764353420973 0.5400987006205089, 101.45124842312575 0.543016813671937, 101.45759989407301 0.543016813671937, 101.4565699258113 0.5481664214982678, 101.4543383279109 0.5512561840711757, 101.44987513211012 0.5490246890399204, 101.44609858181715 0.5521144511684158, 101.45124842312575 0.5565774380725848, 101.45536829617262 0.556405784792389, 101.46292139675856 0.5521144511684158, 101.46875788357497 0.5459349253147738, 101.47287775662184 0.5553758650063964, 101.48661066677809 0.5597530228534748, 101.49313379910231 0.5720262126455107, 101.43270899441481 0.6048118061751863))