ID: 12947, ZonePolygon: POLYGON ((38.902705907821655 45.08855078616356, 39.026302099227905 45.08370277319465, 39.12586569786072 45.01093320529786, 39.00501608848572 44.97451370563986, 38.919185400009155 44.99588261816546, 38.87661337852478 45.062366628174836, 38.902705907821655 45.08855078616356))
ID: 12948, ZonePolygon: POLYGON ((38.119326531887054 44.549866865877675, 38.10078710317612 44.57347230541769, 38.07194799184799 44.58961144304202, 38.04997533559799 44.59890164146453, 38.04001897573471 44.61087891557407, 38.01203817129135 44.602446194121875, 38.00465673208237 44.59058942860416, 37.9839152097702 44.569925985528336, 38.06459605693817 44.541792341776464, 38.119326531887054 44.549866865877675))