ID: 12952, ZonePolygon: POLYGON ((43.35972189903259 56.24182370942394, 43.46134543418884 56.2669984743637, 43.55198264122009 56.2669984743637, 43.54305624961853 56.24029743391525, 43.54923605918884 56.220832088700526, 43.44211935997009 56.21586875215694, 43.376888036727905 56.226176501622916, 43.35972189903259 56.24182370942394))
ID: 12954, ZonePolygon: POLYGON ((44.02914226055145 56.362587729528414, 44.05660808086395 56.374567098194284, 44.12458598613739 56.37114480564249, 44.13179576396942 56.3509850700718, 44.10913646221161 56.333669621724795, 44.07068431377411 56.33899828905412, 44.04390513896942 56.350414356383936, 44.02914226055145 56.362587729528414))
ID: 12953, ZonePolygon: POLYGON ((43.91041159629822 56.3085387373439, 43.85959982872009 56.27996083172847, 43.85342001914978 56.259752890659485, 43.905549484770745 56.2251961663024, 43.95842118887231 56.219088048715484, 44.04905839590356 56.22863155464425, 44.089570480864495 56.267163127073225, 44.09849687246606 56.30337031384503, 44.06553788809106 56.323935959254804, 44.01060624746606 56.333833987396176, 43.96254106191918 56.32736249023124, 43.91041159629822 56.3085387373439))