ID: 53559, ZonePolygon: POLYGON ((-67.52611904809571 -45.91032280341237, -67.59306698510743 -45.91103943360775, -67.62224941918946 -45.89861653375599, -67.61812954614258 -45.87256720327088, -67.54259854028321 -45.84100487148821, -67.46466427514649 -45.850092833592214, -67.45058804223633 -45.862048416512984, -67.52611904809571 -45.91032280341237))
ID: 53562, ZonePolygon: POLYGON ((-69.096336724388 -45.57309099266839, -69.03007543288409 -45.57212968235618, -69.03007543288409 -45.608047470265994, -69.09616506301104 -45.60816755808228, -69.096336724388 -45.57309099266839))
ID: 53561, ZonePolygon: POLYGON ((-67.57911874797361 -45.94084417248771, -67.52401544597166 -45.95767327274523, -67.53723337199705 -45.97306563332132, -67.5981731608154 -45.9675773752158, -67.57911874797361 -45.94084417248771))
ID: 53560, ZonePolygon: POLYGON ((-67.59255200097657 -45.911402310804135, -67.61555462548829 -45.93050891115658, -67.539680296875 -45.952712063753374, -67.52457409570313 -45.909730170220776, -67.59255200097657 -45.911402310804135))