ID: 27097, ZonePolygon: POLYGON ((114.80654891967778 4.955116224028626, 114.96233161926274 5.021639571151095, 115.11948760986333 5.08268459114408, 115.15828308105473 5.02454660701314, 115.08549865722661 4.935619677186341, 115.02953704833989 4.900387623484418, 115.02301391601567 4.8969669366065, 115.00344451904301 4.885336470414489, 114.99537643432622 4.8787514846160915, 114.98799499511723 4.871311228132837, 114.98559173583989 4.834536339807194, 114.97117218017583 4.805970280678009, 114.92070373535161 4.809733542734526, 114.89632781982426 4.815891563048384, 114.87469848632817 4.804430758391412, 114.846031036377 4.78176516736696, 114.83590301513676 4.7471238539003675, 114.77633651733403 4.735319749147786, 114.80654891967778 4.955116224028626))
ID: 13645, ZonePolygon: POLYGON ((114.80730607262353 4.950511832053392, 114.77572037926416 4.734990761699117, 114.78670670738916 4.68161314649568, 114.81691910973291 4.589903658563151, 114.82449071705514 4.443973316192339, 114.84783666432077 4.420697189893555, 114.88079564869577 4.4220663940673095, 114.88079564869577 4.354972429107563, 114.84509008228952 4.307044499484437, 114.77917211353952 4.330324158799072, 114.76210137761836 4.403351329584393, 114.65292474187618 4.5299949089247695, 114.62889214910274 4.5409468341150045, 114.63026544011836 4.582015069584886, 114.61447259343868 4.615552379592369, 114.58494683660274 4.609392583976931, 114.5444347516418 4.655931934698174, 114.51284905828243 4.716839075942378, 114.80730607262353 4.950511832053392))
ID: 13648, ZonePolygon: POLYGON ((113.95318689198405 4.306024204779253, 113.99678888173014 4.288221607655495, 114.03215112538248 4.422073158545634, 113.98580255360514 4.430972923881855, 113.94323053212077 4.363879760183869, 113.95318689198405 4.306024204779253))
ID: 13647, ZonePolygon: POLYGON ((114.07349321404615 4.5906396035785715, 114.07692644158521 4.5810573411148985, 114.16344377556959 4.570106026795837, 114.16001054803053 4.553678741720336, 114.19056627312818 4.5252723435748825, 114.54521867791334 4.652921161278957, 114.51260301629225 4.7169080114037385, 114.07349321404615 4.5906396035785715))