ID: 14169, ZonePolygon: POLYGON ((-57.8892172211187 -34.434020135460926, -57.872566067554246 -34.427223898702024, -57.84911369340104 -34.44147271425104, -57.85357688920182 -34.44961258591607, -57.87632202164811 -34.44359623550001, -57.8892172211187 -34.434020135460926))
ID: 14168, ZonePolygon: POLYGON ((-57.84896262822319 -34.44152505407734, -57.85351165471245 -34.44966492064254, -57.845357739307175 -34.461271705985254, -57.831367337085496 -34.45469000745048, -57.83806123446671 -34.44565160715159, -57.84896262822319 -34.44152505407734))
ID: 14167, ZonePolygon: POLYGON ((-57.84539456463188 -34.46125962421144, -57.83130168914795 -34.454837137695364, -57.82455761336612 -34.459207321972784, -57.83609440009757 -34.468805843213424, -57.8334336487548 -34.469513457970585, -57.83317615668937 -34.47365288409297, -57.8418450562255 -34.47733220160802, -57.851028939892494 -34.47620012119075, -57.858496209789955 -34.471423987847835, -57.8519301621215 -34.4657984135662, -57.84539456463188 -34.46125962421144))