ID: 61499, ZonePolygon: POLYGON ((8.741887650130149 41.91664826568452, 8.740514359114524 41.91537089061523, 8.716825089094993 41.90751447183389, 8.715966782210227 41.9118579773482, 8.722575745222922 41.92641933905389, 8.728498062727805 41.931623581065836, 8.73562200987136 41.93631661313199, 8.744805893538352 41.9416158124221, 8.756908020613547 41.94385028253319, 8.770254692671653 41.94037085939343, 8.782249531386253 41.93582178590061, 8.809704622862693 41.933036315822186, 8.808154306052085 41.9244915864447, 8.805834195254203 41.916897750018364, 8.798322668907996 41.90556319151543, 8.786590519038793 41.91893288204349, 8.774171723661777 41.92591420764719, 8.768216884372588 41.923272741786796, 8.761800369856712 41.922587723905934, 8.757208428023215 41.92633951608534, 8.752444824812766 41.93353914606627, 8.744290909407493 41.93286870485993, 8.741973480818626 41.92980374103005, 8.740943512556907 41.92392881538227, 8.741887650130149 41.91664826568452))
ID: 61501, ZonePolygon: POLYGON ((8.689829302652159 41.908997834332865, 8.689764929635801 41.91177636985427, 8.674358321054259 41.9091894613551, 8.676847411020079 41.9055803891715, 8.685387564523497 41.907624490506805, 8.689829302652159 41.908997834332865))
ID: 61500, ZonePolygon: POLYGON ((8.716711347296732 41.9076850475457, 8.715895955756205 41.91154949412658, 8.68980342645933 41.912028541454035, 8.689889257147806 41.90864319660799, 8.693365400031107 41.908132185564384, 8.705295865729349 41.906854640059265, 8.716711347296732 41.9076850475457))
ID: 61502, ZonePolygon: POLYGON ((8.676958100442866 41.90525378434178, 8.674254433755854 41.909118378097254, 8.64450647859154 41.91235769723985, 8.632833504958727 41.91056924476294, 8.608629250808336 41.89702647860919, 8.611719155593493 41.89562093270475, 8.64347651032982 41.909291748028814, 8.65995600251732 41.906481165222196, 8.676181813442984 41.90417466438396, 8.676958100442866 41.90525378434178))