ID: 92741, ZonePolygon: POLYGON ((-61.41116568651732 10.665716950031014, -61.426529379754626 10.629107781809124, -61.38423602307792 10.604641945940466, -61.369043991217566 10.575872219111698, -61.33428256238456 10.565409831104883, -61.32475535596366 10.579753336880504, -61.30853335584159 10.61282521611293, -61.310164138922644 10.629865962267049, -61.32346789563651 10.641928885850142, -61.35874430860038 10.651629492217468, -61.41116568651732 10.665716950031014))
ID: 92740, ZonePolygon: POLYGON ((-61.441715429002436 10.769879502111722, -61.44965476768652 10.762332871932442, -61.456404026676665 10.751140671967908, -61.43387347095157 10.74359357287314, -61.427693661381255 10.759319996386635, -61.441715429002436 10.769879502111722))
ID: 92739, ZonePolygon: POLYGON ((-61.548825134453075 10.6751344186124, -61.522917190007966 10.699594038510263, -61.51210252325992 10.698328959185359, -61.487469115667146 10.687259290056064, -61.48755494635562 10.66910415908822, -61.47485200446109 10.664528304598823, -61.43948976080875 10.66476026201243, -61.41326848547916 10.660563914195393, -61.42961923163394 10.620938263307178, -61.45189229529361 10.62171859455175, -61.466783919744294 10.636502331388288, -61.50506440680484 10.639286064769225, -61.53660072308257 10.656072039309851, -61.548825134453075 10.6751344186124))