ID: 16542, ZonePolygon: POLYGON ((103.18366607128905 13.107600697631579, 103.17868789135741 13.089710836089964, 103.183837732666 13.080681814556346, 103.19671233593749 13.076167179796155, 103.21508010327148 13.077839276379928, 103.22658141552733 13.088874829472212, 103.23224624096679 13.1025849797336, 103.21147521435546 13.113452239294537, 103.19842894970702 13.116628732187744, 103.18366607128905 13.107600697631579))
ID: 16543, ZonePolygon: POLYGON ((103.95782650341789 13.376052605499682, 103.95507992138664 13.491258192356183, 103.81706417431633 13.489255090296108, 103.75045956005852 13.435498919199768, 103.77929867138664 13.36369394385411, 103.76934231152336 13.329954915368505, 103.72505367626945 13.248093177309238, 103.92418087353508 13.190606429314755, 103.94513240274705 13.30087061016399, 103.95782650341789 13.376052605499682))
ID: 31035, ZonePolygon: POLYGON ((104.99425160300594 11.741175946991579, 104.80473744284969 11.718317524065766, 104.78413807761531 11.687388412022452, 104.70723378074031 11.677974518010302, 104.70586048972469 11.538073422431728, 104.73057972800594 11.538073422431728, 104.73881947409969 11.45059975643762, 104.81435047995906 11.423679329423376, 104.93794667136531 11.419641044769916, 105.04780995261531 11.468096660598396, 105.08763539206844 11.512507007244068, 105.05089985740047 11.53824161482637, 104.94721638572078 11.556573981284506, 104.95064961325984 11.631909075000957, 104.99425160300594 11.741175946991579))
