ID: 16762, ZonePolygon: POLYGON ((40.713816583156586 37.30437171697603, 40.73338598012924 37.304781348266765, 40.7529553771019 37.307375627956574, 40.75638860464096 37.31474835522357, 40.75141042470932 37.3215743098612, 40.74111074209213 37.31939007182356, 40.74111074209213 37.327171130074206, 40.73287099599838 37.33290402585885, 40.716048181056976 37.33877296594412, 40.696822106838226 37.34000129071852, 40.69853872060776 37.327034627223746, 40.713816583156586 37.30437171697603))
ID: 16763, ZonePolygon: POLYGON ((41.37883275747299 37.40425557926452, 41.38793081045151 37.411755144880686, 41.389990746974945 37.42497982185935, 41.381236016750336 37.43288624495853, 41.36183828115463 37.43424933695691, 41.34570211172104 37.43520348658563, 41.33111089468002 37.43942886015505, 41.32218450307846 37.44065553682934, 41.31600469350815 37.42647938006118, 41.327334344387054 37.41134609702319, 41.37883275747299 37.40425557926452))