ID: 66902, ZonePolygon: POLYGON ((115.94378547076356 -31.93108211496979, 115.956831735412 -31.92175771149522, 115.97279624346864 -31.91592947920977, 115.97708777789246 -31.91898934720582, 115.99494056109559 -31.928459722060527, 115.98052100543153 -31.94361029308879, 115.97897605303895 -31.944629953362192, 115.97296790484559 -31.963273174529082, 115.95494346026551 -31.965748942679504, 115.94378547076356 -31.93108211496979))
ID: 66528, ZonePolygon: POLYGON ((115.6895226524908 -31.61987676249559, 115.64100025670764 -31.629231646153986, 115.72614429967639 -31.608181835375525, 115.84699390905139 -31.78345130571918, 115.9190916873717 -31.847050474679346, 115.95342396276233 -31.881967612530424, 115.94312428014514 -31.927944731739796, 115.95823048131702 -31.974008086533853, 115.96177099721668 -32.02711155685989, 115.90900658147571 -31.99345517727925, 115.87231396215198 -31.97067700621006, 115.8674001552367 -31.963873399678885, 115.86351631658313 -31.96158417991521, 115.85852740781543 -31.959975320347493, 115.85886000173328 -31.95916746651193, 115.85735796468494 -31.958097902614234, 115.85690735357043 -31.95931765959378, 115.8563065387511 -31.960683039980502, 115.96097706334827 -32.02594272911595, 115.91977833287952 -32.14927397559436, 115.89643238561389 -32.238759192640984, 115.88544605748889 -32.26779390484637, 115.83600758092639 -32.50900222554066, 115.75086353795764 -32.53216136051931, 115.69318531530139 -32.51363452998565, 115.68769215123889 -32.29101498828008, 115.74262379186389 -32.14694851213383, 115.63825367467639 -31.63157022009875, 115.6895226524908 -31.61987676249559))