ID: 29122, ZonePolygon: POLYGON ((9.14041576544188 48.75316978600758, 9.219208337463364 48.74253001502003, 9.225946046508774 48.66230825663864, 9.191270448364243 48.66899732760823, 9.16586456457518 48.70707409575839, 9.14041576544188 48.75316978600758))
ID: 29120, ZonePolygon: POLYGON ((9.139810745449815 48.754423106773615, 9.214215223522935 48.7444258642848, 9.255757276745591 48.760723555230705, 9.251851980419907 48.821668315631015, 9.143876974316392 48.83974868303922, 9.080276434155259 48.78333897957431, 9.139810745449815 48.754423106773615))