ID: 16903, ZonePolygon: POLYGON ((27.030202746391296 39.57949643987931, 27.051145434379578 39.588492698795186, 27.05286204814911 39.60515915029787, 27.03363597393036 39.61653236207407, 27.007543444633484 39.61124272853939, 26.99518382549286 39.59034472477024, 27.01715648174286 39.577114881737586, 27.030202746391296 39.57949643987931))
ID: 16902, ZonePolygon: POLYGON ((26.66316121816635 39.30747206565275, 26.677237451076508 39.306276636783615, 26.693716943264008 39.3072064165576, 26.705218255519867 39.30428420995866, 26.706248223781586 39.31384734142014, 26.71036809682846 39.32367475355144, 26.721697747707367 39.33031411531054, 26.72839254140854 39.33721838288058, 26.736803948879242 39.34505124543101, 26.748648583889008 39.35062664665562, 26.754141747951508 39.356997989081975, 26.747961938381195 39.360979783048485, 26.734057366847992 39.358856187844324, 26.66316121816635 39.30747206565275))