ID: 17422, ZonePolygon: POLYGON ((26.64050191640854 40.400163277704316, 26.643763482570648 40.41088198884583, 26.65646642446518 40.42172967766182, 26.66968435049057 40.428655600133546, 26.6768941283226 40.433751578179475, 26.693545281887054 40.44002302102751, 26.700583398342133 40.42930895223287, 26.701098382472992 40.41885455699726, 26.685305535793304 40.4090520858275, 26.670542657375336 40.401209080760594, 26.64050191640854 40.400163277704316))
ID: 17424, ZonePolygon: POLYGON ((26.406355798244476 40.12717851956392, 26.3967427611351 40.14082766851734, 26.40000432729721 40.150013052119895, 26.407385766506195 40.15775405369455, 26.41425222158432 40.1699541797556, 26.427126824855804 40.16798656578528, 26.432105004787445 40.15670447807321, 26.429358422756195 40.14476441357181, 26.417685449123383 40.1329534940629, 26.406355798244476 40.12717851956392))
ID: 17423, ZonePolygon: POLYGON ((26.663318127393723 40.33666569831381, 26.66958376765251 40.333590662238386, 26.67533442378044 40.33529176334337, 26.682200878858566 40.3382358754518, 26.690011471509933 40.338759259710955, 26.69456049799919 40.34209573891804, 26.69310137629509 40.34713285567337, 26.688294857740402 40.35020727453692, 26.675677746534348 40.34517038737807, 26.663318127393723 40.33666569831381))