ID: 17530, ZonePolygon: POLYGON ((51.86588644981384 55.65628456619121, 51.78898215293884 55.65783403675331, 51.77112936973572 55.634973126239494, 51.74915671348572 55.59774718431994, 51.82606101036072 55.576403893404404, 51.918758153915405 55.57058098147687, 51.97780966758728 55.57446301869603, 51.99085593223572 55.61907887096293, 51.86588644981384 55.65628456619121))
ID: 17528, ZonePolygon: POLYGON ((52.36382246017456 55.76189525593947, 52.497031688690186 55.77039358162006, 52.56706953048706 55.70080738536962, 52.464072704315186 55.65512242302239, 52.359702587127686 55.63807369279807, 52.277305126190186 55.65279803318956, 52.29515790939331 55.700033508434565, 52.36382246017456 55.76189525593947))
ID: 17529, ZonePolygon: POLYGON ((51.993200182914734 55.781206953552704, 52.04229533672333 55.7765730186677, 52.10889995098114 55.766337793619044, 52.09894359111786 55.74238072848889, 52.03405559062958 55.74315376672929, 52.0024698972702 55.73754889251636, 51.95165812969208 55.743733535359716, 51.96813762187958 55.767689769836004, 51.993200182914734 55.781206953552704))