ID: 18358, ZonePolygon: POLYGON ((2.156901174804716 48.81429613742315, 2.1071193754883097 48.81226138857572, 2.1067760527344035 48.790326076149185, 2.1627376616211222 48.79281406806982, 2.161021047851591 48.8068349879171, 2.156901174804716 48.81429613742315))
ID: 18357, ZonePolygon: POLYGON ((2.7805437242695916 48.87925768774007, 2.8049196397969354 48.87293529349527, 2.808524528712951 48.86446654945849, 2.8049196397969354 48.85689992595419, 2.781230369777404 48.850348790817606, 2.7664674913594354 48.85972342671516, 2.763034263820373 48.869999624544306, 2.7721323167988885 48.87801585193419, 2.7805437242695916 48.87925768774007))
ID: 18356, ZonePolygon: POLYGON ((2.1239709669921467 49.459227437891364, 2.124657612499959 49.41747949461745, 2.055649738964803 49.415245983190225, 2.049126606640584 49.4558799833658, 2.1239709669921467 49.459227437891364))