ID: 20635, ZonePolygon: POLYGON ((42.616682946681976 40.31435215036359, 42.62578099966049 40.327701904195926, 42.59385198354721 40.347983240869254, 42.56672948598862 40.34445080136368, 42.55042165517807 40.329664880636, 42.55986303091049 40.32024207305248, 42.58458226919174 40.31461393561548, 42.616682946681976 40.31435215036359))
ID: 20636, ZonePolygon: POLYGON ((41.213552355766296 39.88919202444149, 41.21217906475067 39.930800820752765, 41.246511340141296 39.94633180116148, 41.28290355205536 39.95922773254976, 41.323415637016296 39.940277770390324, 41.33577525615692 39.890509145737255, 41.29457652568817 39.86679709057975, 41.22900187969208 39.862844284288805, 41.213552355766296 39.88919202444149))
