ID: 32782, ZonePolygon: POLYGON ((-5.967463562964017 37.47872414397982, -6.068400452612455 37.4754546263278, -6.100672791479642 37.36529742131408, -6.007289002417142 37.2861243149505, -5.956477234839017 37.23311368172263, -5.835627625464017 37.28011467549846, -5.815028260229642 37.33582201343409, -5.850733826635892 37.39312467903245, -5.827387879370267 37.42639469915297, -5.8430090646730015 37.43171107859228, -5.902403901098783 37.36857175223593, -5.901202271460111 37.336675052395265, -5.963815758703763 37.32971397147137, -6.025742600439603 37.32432210279429, -6.017631600378568 37.441116055753184, -5.966776917456205 37.43706115618803, -5.967463562964017 37.47872414397982))
ID: 32495, ZonePolygon: POLYGON ((-6.017674515722806 37.441047907996, -6.025914261816556 37.324424483651136, -5.963601181982572 37.329748095990304, -5.901116440771634 37.33657268823148, -5.902489731787259 37.368503538465845, -5.843094895361478 37.431642922270704, -5.882405350683744 37.43723153454125, -5.942658493994291 37.41473823852231, -5.9342470865235875 37.434505434344196, -6.017674515722806 37.441047907996))