ID: 31781, ZonePolygon: POLYGON ((35.92819916848998 36.10533323041079, 35.97351777200561 36.12363834085562, 36.01317155008178 36.06246594920771, 35.96270310525756 36.03914965925206, 35.92819916848998 36.10533323041079))
ID: 31782, ZonePolygon: POLYGON ((36.08220155548183 36.18558460515003, 36.15155275177089 36.14539496886079, 36.26450593780605 36.26174970879544, 36.175242021790424 36.297729205986265, 36.08220155548183 36.18558460515003))