ID: 22356, ZonePolygon: POLYGON ((32.434505224227905 37.96585412874946, 32.58419394493103 37.95556802659207, 32.58968710899353 37.837445479729666, 32.48531699180603 37.77559951996455, 32.390559911727905 37.82280243352756, 32.404292821884155 37.91332577499166, 32.434505224227905 37.96585412874946))
ID: 22357, ZonePolygon: POLYGON ((34.902936816215515 38.60426157392203, 34.940358996391296 38.61472442637688, 34.94447886943817 38.65253893103672, 34.91151988506317 38.66353089438699, 34.88062083721161 38.64824892677364, 34.88062083721161 38.61552919798304, 34.902936816215515 38.60426157392203))
