ID: 66357, ZonePolygon: POLYGON ((-3.7720665412303966 40.509873650592944, -3.8898262458202404 40.52109683969774, -3.899095960175709 40.509873650592944, -3.8942894416210216 40.472275338475434, -3.9245018439647716 40.44092732134699, -3.9269051032421154 40.397799918643834, -3.8970360236522716 40.319577407896055, -3.862017102753834 40.27768193783838, -3.756273694550709 40.25908250181634, -3.7470039801952404 40.27768193783838, -3.7140449958202404 40.2727051251979, -3.683489270722584 40.2748006699019, -3.4996399360057873 40.32271852083427, -3.5045322852489513 40.411655977089104, -3.6400535779354137 40.38170991453239, -3.6660549121257824 40.371763078679756, -3.6780577974674267 40.36709156403087, -3.6828562693950695 40.375596503214815, -3.6898917036411327 40.38167926712927, -3.695902534043507 40.38582879864774, -3.706513352906422 40.39319557928623, -3.7217804866191906 40.39897648724177, -3.725117154633717 40.40730992616142, -3.739751287018971 40.420118533974055, -3.7390860991832775 40.430001060776924, -3.7466821151134533 40.458692993493855, -3.7720665412303966 40.509873650592944))
ID: 66355, ZonePolygon: POLYGON ((-1.6620251086053117 42.805599595436036, -1.650008812218593 42.80188420432632, -1.6476055529412492 42.798357525009024, -1.638421669274257 42.79961707641224, -1.6198822405633195 42.81114078113656, -1.6373058703240617 42.82366958647531, -1.6448589709099992 42.82662828047668, -1.6528412249383195 42.81498153900955, -1.6635271456536516 42.80607187493122, -1.6620251086053117 42.805599595436036))
ID: 66356, ZonePolygon: POLYGON ((-3.6303983371913118 40.573949813528266, -3.576258511536503 40.57708203620559, -3.466500399748882 40.57995335948164, -3.5052197820915465 40.41165160876236, -3.640069535527981 40.381678464983914, -3.6780618947778976 40.367125038081, -3.682896010804213 40.37560726384375, -3.689961724730919 40.38173474391272, -3.6981694787079333 40.387406830454864, -3.7065488940619007 40.39320917938829, -3.7219344337542104 40.39906056747989, -3.7252229192022 40.40741876245422, -3.739669394152123 40.420088751867425, -3.7390365872160514 40.43000446579045, -3.7466973649454904 40.45871375445179, -3.7701306980311555 40.50611352992959, -3.773563925570218 40.52516680680163, -3.7807737034022493 40.573689036347766, -3.757084433382718 40.57421058969232, -3.6973462742030305 40.57499291208644, -3.6303983371913118 40.573949813528266))
