ID: 99664, ZonePolygon: POLYGON ((5.098780392698687 52.649932522218904, 5.0994670382065 52.64814901833314, 5.101269482664508 52.64784928571734, 5.105131863645953 52.64782975776611, 5.105518101744098 52.64924225707511, 5.103404521040362 52.651168910679694, 5.098780392698687 52.649932522218904))
ID: 99684, ZonePolygon: POLYGON ((5.0856314799645785 52.66658546463435, 5.074559321151102 52.66268137443904, 5.077906718001688 52.65916739507117, 5.083228220687235 52.65849059623087, 5.092111696944559 52.66093743480442, 5.092669596419657 52.66504989743467, 5.0856314799645785 52.66658546463435))
ID: 99683, ZonePolygon: POLYGON ((5.086014360852054 52.6557919185168, 5.080950350231936 52.654646472052434, 5.082151979870608 52.65076735090397, 5.088417620129397 52.650142493838445, 5.089447588391116 52.652537730765076, 5.086014360852054 52.6557919185168))