ID: 29259, ZonePolygon: POLYGON ((11.744728224346943 48.366527772915546, 11.840858595440693 48.37405421713585, 11.84594406373293 48.3329245143359, 11.73333420045168 48.33178329467842, 11.744728224346943 48.366527772915546))
ID: 54080, ZonePolygon: POLYGON ((11.53930374677115 48.17616547052116, 11.567112889837556 48.17616547052116, 11.577069249700838 48.1793705613004, 11.601101842474275 48.17296017937135, 11.595265355657869 48.16380110055249, 11.605050054144197 48.156873460922256, 11.596960511755281 48.14828999531656, 11.59498640592032 48.141990275637085, 11.593355622839265 48.13884012584264, 11.59172483975821 48.13643442673864, 11.588892427038484 48.13483056471061, 11.580953088354402 48.129760885652395, 11.56254240567618 48.12016436023901, 11.519798722814851 48.1413029867142, 11.53930374677115 48.17616547052116))