ID: 24326, ZonePolygon: POLYGON ((29.73421275615692 40.71083299030839, 29.772321581840515 40.72280306615735, 29.831716418266296 40.733470232684915, 29.908620715141296 40.72124187397379, 29.938833117485046 40.69443569856639, 29.873258471488953 40.68246052316348, 29.786054491996765 40.68896903762434, 29.73421275615692 40.71083299030839))
ID: 24328, ZonePolygon: POLYGON ((29.94123637676239 40.749857912194386, 29.952909350395203 40.744395800976775, 29.98140513896942 40.75557964275591, 30.00887095928192 40.77586181063573, 29.987584948539734 40.79769722250925, 29.95599925518036 40.80211542040426, 29.918920397758484 40.79379856838544, 29.903127551078796 40.75245875985304, 29.94123637676239 40.749857912194386))
ID: 24331, ZonePolygon: POLYGON ((29.57110494375229 40.69001034095325, 29.592734277248383 40.69430554518472, 29.625349938869476 40.6997717683002, 29.642172753810883 40.690921468018004, 29.62552160024643 40.681158743999, 29.589644372463226 40.673607923495474, 29.57453817129135 40.68311140321177, 29.57110494375229 40.69001034095325))
