ID: 25295, ZonePolygon: POLYGON ((37.21092939376831 36.994875229523814, 37.27959394454956 37.084762325442966, 37.346885204315186 37.142803443716836, 37.49382734298706 37.10119357072203, 37.51579999923706 37.00693943418586, 37.374351024627686 36.95757376878687, 37.21092939376831 36.994875229523814))
ID: 25296, ZonePolygon: POLYGON ((38.342687487602234 38.326575121924556, 38.37118327617645 38.36534867623904, 38.347150683403015 38.38634235060625, 38.30526530742645 38.38876430564981, 38.265783190727234 38.38580412735974, 38.23145091533661 38.36157993606723, 38.239004015922546 38.3325002026711, 38.28535258769989 38.312029688252174, 38.342687487602234 38.326575121924556))