ID: 25358, ZonePolygon: POLYGON ((43.036909997463226 40.57576060018385, 43.04583638906479 40.592317421522495, 43.06780904531479 40.60196281341105, 43.08617681264877 40.61981614960841, 43.10746282339096 40.62124942228214, 43.12977880239487 40.61838284618207, 43.13046544790268 40.60052912699512, 43.123084008693695 40.5865816639533, 43.10866445302963 40.580063160471695, 43.102827966213226 40.57563021524945, 43.036909997463226 40.57576060018385))
ID: 25356, ZonePolygon: POLYGON ((42.55866140127182 40.32050383546901, 42.54269689321518 40.317755279476394, 42.54939168691635 40.32835623601952, 42.558318078517914 40.33934806214936, 42.5796040892601 40.34575913386192, 42.60603994131088 40.344974137408165, 42.61736959218979 40.33332895056982, 42.61136144399643 40.321550874985945, 42.61908620595932 40.32063471629669, 42.58904546499252 40.31814793718314, 42.55866140127182 40.32050383546901))
