ID: 25354, ZonePolygon: POLYGON ((27.744657397270203 41.188472641161425, 27.75221049785614 41.1975148494858, 27.78963267803192 41.20345619205129, 27.83083140850067 41.18252993852271, 27.86653697490692 41.15229131922847, 27.851430773735046 41.133934584590065, 27.816068530082703 41.120228320681306, 27.767316699028015 41.1266938962361, 27.744657397270203 41.188472641161425))
ID: 25355, ZonePolygon: POLYGON ((27.595998644828796 40.98248989849305, 27.57917582988739 40.998038732801064, 27.539350390434265 40.98896902507167, 27.504331469535828 40.994151867988634, 27.466909289360046 40.981453179166, 27.466909289360046 40.96097463337541, 27.47308909893036 40.943342440643086, 27.48476207256317 40.92985582196559, 27.595998644828796 40.98248989849305))