ID: 33397, ZonePolygon: POLYGON ((30.773846346183497 23.209775464049287, 30.609051424308497 23.219872266365332, 30.522534090324122 23.20851331010476, 30.466229158683497 23.10244986784053, 30.720287996574122 22.967223893037804, 31.040264803214747 22.98745322370421, 31.016918855949122 23.166855544872544, 30.773846346183497 23.209775464049287))
ID: 33396, ZonePolygon: POLYGON ((30.56161652306401 23.666397381745014, 30.91043244103276 23.6814900470128, 30.99008331993901 23.36543993579369, 30.77859650353276 23.211548806497074, 30.609681708610886 23.220383432982377, 30.593888861931198 23.44168869823011, 30.56161652306401 23.666397381745014))
ID: 33413, ZonePolygon: POLYGON ((31.592783872582093 22.40473304712038, 31.6315793437735 22.409176672419605, 31.666941587425843 22.38441752240952, 31.642908994652405 22.321865183909335, 31.563258115746155 22.33901430356194, 31.592783872582093 22.40473304712038))
ID: 33395, ZonePolygon: POLYGON ((30.58740290270434 23.503202030448993, 30.564056955438716 23.665559102685165, 30.344330392938716 23.709574784927685, 30.228973947626216 23.4654158230064, 30.328463200064306 23.1955611089311, 30.526217106314306 23.206921166163493, 30.60998785826743 23.219542319462892, 30.58740290270434 23.503202030448993))